01001001000000000000000000000000000000000000000000000000
00001001000001100010000001000000000000100000000000000000
00001110110000000001000001101010000000000000000000100000
00001100010000000001000001101010000000000000000000100000
01101010000000000000000000000000000000000000000000000000
00001001000001100010000001000000100000100000000000000000
00001100110000000001000001101010000010000000000000100000
00001011110000000001000001101010000010000000000000100000
00011100110000000000000000000000000000000000000010100000
00001001000001100010000001000001000000100000000000000000
00010010010000000000000000000000000000000000000010100000
00000000000000000000000000000000000000000000000000000000
00001001000000010000010001100000000000000000000000000000
00001001000001100000100001000000000000100000000000000000
00001001000001000001000000010010000010000000000000000000
00001110010000000001000000000000000000000000000000100000
00101000000000000000000000000000011100000000000000000000
00101000100000000000000000000000011000000000000000000000
00010000110000011000000000000000000000000000000000100000
00010000110000011000000000000000000000000000000000100000
00001001000001011000010011100000000000000000000000000000
00001001000001011000010010011000000010000000000000000000
00001001000000010000010000010000000010000000000000000000
00001000001000000010000000000001100100000000000000000000
00001000101000000010000000000001100000000000000000000000
00101100101000000000000000000000010100000000000000000000
00000000000000000000000000000000000000000000000000000000
00001001000001100100000000000000000100100000000000000000
00101110001001001000000010000000010100000000000000000000
00101110101000000000000000000000010000000000000000000000
00001001000000010100001000000000000100000000000000000000
00001001000001100100000000000000000000100000000000000000
11100000000010000000000000000000000000000000000000000000
00110000101000000000000000000000010100000000000000000000
00010100101000010000011000000000000101111001011000000000
00010000000100000100000000000000000100000000000000000000
00110010001000000000000000000000010100000000000000000000
00010100101000010100011000000000000101101101011001000000
00010011100000000100000000000000000101100000000100000000
00001001000001000000000100000000000000000010000000000000
00110100000000000000000000000000011100000000000000000000
00010100010000000000000000000000000000000000000010100000
00011000101000001000000000000000000101001000000000000000
00000000000000000000000000000000000000000000000000000000
00110110000000000000000000000000011100000000000000000000
00001001000001000000000100000000000000000000000010000000
00011000010000000000000000000000000000000000100000100000
00000000000000000000000000000000000000000000000000000000
00111000001000000000000000000000010100000000000000000000
00010110010000000000000000000000000000000000000010100000
00011110100000010100001000000000000100000000000000000000
00011010010000000001000000000100000000000000000000001010
00111010001000000000000000000000010100000000000000000000
00000000000000000000000000000000000000000000000000000000
00011100001000000000000000000000000000000000000000000100
00000000000000000000000000000000000000000000000000000000
00111100000000000000000000000000011100000000000000000000
00111100101000000000000000000000010100000000000000000000
00011110010000000001000000000110000000000000000000000000
00000101000000010100001000000000000101000000000000000000
00011110001000000000000000000000000100000000000000010001
00001001000001000000000100000000000000000000000010000000
00000000000000000000000000000000000000000000000000000000
00000000000000000000000000000000000000000000000000000000

